GRID       12234    10.0   447.9   -661.    94.8 6731300 7526300
GRID       12255    10.0  240.77 -556.24  174.99 7526301 6731200 6731300
GRID       12256    10.0  254.83 -586.02  176.98 7526301 6731200 6731300
GRID       12264    10.0  221.48  257.44   171.3 6731201 6731200 6731400
GRID       12265    10.0   511.1  257.11     98. 6731201 6731400
GRID       12266    10.0  221.48 -257.44   171.3 6731300 6731200 6731400
GRID       12267    10.0  219.08  -446.4  169.67 6731300 6731200
GRID       12268    11.0  221.48 -288.04   171.3 6731300 6731200
GRID       12269    10.0  221.48 -379.04   171.3 6731300 6731200
GRID       12270    10.0  221.48 -412.04   171.3 6731300 6731200
GRID       12271    10.0  221.48 -474.56   171.3 6731300 6731200
GRID       12272    10.0   511.1 -257.11     98. 6731300 6731400
GRID       12290    10.0  207.56 -251.93  191.81 6731400 6731200 6741300
GRID       12294    10.0  220.78 -229.84  170.83 6731200 6731400
GRID       12296    10.0  231.33 -190.74  186.57 6731400 6731200
GRID       12297    10.0  243.97 -195.48  167.95 6731400 6731200
GRID       12299    10.0  222.02 -182.23  207.95 6731400 6731200 6741300
GRID       12300    10.0  210.04 -215.35  188.16 6731400 6731200 6741300
GRID       12305    10.0  243.97  195.48  167.95 6731400 6731200
GRID       12308    10.0  231.33  190.74  186.57 6731400 6731200
GRID       12324    10.0  222.02  182.23  207.95 6731400 6731200 6741300
GRID       12328    10.0  220.78  229.84  170.83 6731200 6731400
GRID       12329    10.0  207.56  251.93  191.81 6731400 6731200 6741300
GRID       12330    10.0  217.97 -141.92  240.88 6731400 6731200 6741300
GRID       12331    10.0  210.04  215.35  188.16 6731400 6731200 6741300
GRID       12342    10.0  214.99 -118.49   248.1 6731400 6731200 6741300
GRID       12343    10.0  214.78  -94.79  252.44 6731400 6731200 6741300
GRID       12344    10.0  214.39  -71.09  255.68 6731400 6731200 6741300
GRID       12345    10.0  214.46   -47.4  257.73 6731400 6731200 6741300
GRID       12346    10.0   214.3   -23.7  258.78 6731400 6731200 6741300
GRID       12347    10.0  214.18      0.  258.93 6731400 6731200 6741300
GRID       12348    10.0   214.3    23.7  258.78 6731400 6731200 6741300
GRID       12349    10.0  214.46    47.4  257.73 6731400 6731200 6741300
GRID       12350    10.0  214.39   71.09  255.68 6731400 6731200 6741300
GRID       12351    10.0  214.78   94.79  252.44 6731400 6731200 6741300
GRID       12352    10.0  214.99  118.49   248.1 6731400 6731200 6741300
GRID       12353    10.0  217.97  141.92  240.88 6731400 6731200 6741300
GRID       12373    10.0  221.48 -346.04   171.3 6731300 6731200
GRID       12424    10.0  253.38  257.44  140.16 6731400 6731201
GRID       12505    10.0  253.38 -257.44  140.16 6731400 6731300
GRID       12537    10.0  320.99  -680.6  131.09 7624301 6731300
GRID       12545    10.0   647.7  -680.1  117.15 6731300 7624301
GRID       12549    10.0  482.76  -680.1   107.8 6731300 7624301
GRID       12553    10.0  446.55 -449.94    86.1 7526300 7514900 6731300
GRID       12556    10.0  365.82  -680.1   107.8 6731300 7624301
GRID       12557    10.0  540.89  -680.1   107.8 6731300 7624301
GRID       12558    10.0  512.21  -680.1   107.8 6731300 7624301
GRID       12559    10.0  448.08  -680.1   107.8 6731300 7624301
GRID       12561    10.0  322.94   -682.  157.26 7624700 7624301 6731300
GRID       12562    10.0   546.1 -257.11     98. 6731300 6731400
GRID       12564    10.0   546.1  257.11     98. 6731201 6731400
GRID       12565    10.0471.0286 -410.49    87.5 7515900 6731300
GRID       12566    10.0471.0286 -349.51    87.5 7515900 6731300
GRID       12567    10.0  415.64 -313.88    86.1 7514900 6731300
GRID       12640    10.0  327.33 -681.84  179.07 7624301 6733901 6731300
GRID       12734    10.0  502.16  -172.3    101. 7437200 6731400
GRID       12735    10.0  472.15 -176.26    101. 7437200 6731400
GRID       12736    10.0   440.2 -176.16    101. 7437200 6731400
GRID       12737    10.0  410.69 -182.66    101. 7437200 6731400
GRID       12738    10.0  405.98 -160.72  113.94 7437200 6731400
GRID       12739    10.0  405.23 -118.97  145.98 7437200 6731400
GRID       12740    10.0  418.78  -61.31  135.11 7437200 6731400
GRID       12741    10.0  433.77   -49.8  123.09 7437200 6731400
GRID       12742    10.0  447.02  -40.46  112.45 7437200 6731400
GRID       12743    10.0  473.34   -40.7   103.9 7437200 6731400
GRID       12744    10.0  496.97   -40.7   103.9 7437200 6731400
GRID       12745    10.0  526.38  -37.69     99. 7437200 6731400
GRID       12751    10.0  446.28  -14.17  113.05 7437200 6731400
GRID       12761    10.0  439.28  233.67   100.6 6814700 6731400
GRID       12763    10.0471.0286   -380.    87.5 7515900 6731300
GRID       12792    10.0   462.2 -257.11    96.4 6731300 6731400
GRID       12793    10.0  350.09 -257.44    95.4 6731300 6731400
GRID       12794    10.0   462.2  257.11    96.4 6731201 6731400
GRID       12795    10.0  350.09  257.44    95.4 6731201 6731400
GRID       12796    10.0  284.01 -257.44  124.03 6731300 6731400
GRID       12797    10.0  284.01  257.44  124.03 6731201 6731400
GRID       12802    10.0  315.14 -257.43  108.77 6731300 6731400
GRID       12803    10.0  378.47 -257.44     97. 6731300 6731400
GRID       12804    10.0  406.85 -257.44     97. 6731300 6731400
GRID       12867    10.0  315.14  257.43  108.77 6731201 6731400
GRID       12868    10.0  378.47  257.44     97. 6731201 6731400
GRID       12869    10.0  406.85  257.44     97. 6731201 6731400
GRID       12870    10.0  435.24  257.44     97. 6731201 6731400
GRID       12871    10.0  388.39  198.83    98.4 6731400 6814700
GRID       12883    10.0  435.24 -257.44     97. 6731300 6731400
GRID       12912    10.0  290.98 -659.78  181.99 6733901 6731200 6731300
GRID       12942    10.0  275.82 -630.48  179.92 7526301 6731200 6731300
GRID       13737    10.0  387.79  -683.9   107.8 7645300 7624301 6731300
GRID       13738    10.0  412.09  -683.9   107.8 7645300 7624301 6731300
GRID       13739    10.0  623.68  -683.9  114.65 7645300 7624301 6731300
GRID       13760    10.0 1144.54 -708.84  149.15 7431300 7431200
GRID       13761    10.0 1144.54 -678.82  121.99 7431300 7431200
GRID       13762    10.0   1182. -709.52  145.31 7648701 7645300 7431200
GRID       13763    10.0   1213. -709.52  145.31 7648701 7645300 7431200
GRID       13764    10.0 1183.17  -683.9  116.65 7648701 7645300 7431200
GRID       13765    10.0 1235.68  -683.9  116.65 7648701 7645300 7431200
GRID       13766    10.0 1652.46  -683.9  116.65 7648701 7645300 7431200
GRID       13767    10.0   1652. -719.53  147.08 7648701 7645300 7431200
GRID       13768    10.0 1278.48 -715.59  146.38 7645300 7431200 7543300
GRID       13769    10.0 1274.48 -682.82  120.34 7645300 7431200 7543300
GRID       13770    10.0 1328.48 -715.59  146.38 7645300 7431200 7543300
GRID       13771    10.0 1390.92 -715.59  146.38 7645300 7431200 7543300
GRID       13772    10.0 1440.92 -715.59  146.38 7645300 7431200 7543300
GRID       13773    10.0 1444.92 -682.82  120.34 7645300 7431200 7543300
GRID       13774    10.0 1510.25 -715.59  146.38 7645300 7431200 7544300
GRID       13775    10.0 1475.25 -715.59  146.38 7645300 7431200 7544300
GRID       13776    10.0 1613.75 -715.59  146.38 7645300 7431200 7544300
GRID       13777    10.0 1578.75 -715.59  146.38 7645300 7431200 7544300
GRID       13778    10.0 1613.75 -682.82  120.34 7645300 7431200 7544300
GRID       13779    10.0 1475.25 -682.82  120.34 7645300 7431200 7544300
GRID       13795    10.0 1278.48  715.59  146.38 7645200 7431200 7543201
GRID       13796    10.0 1444.92  682.82  120.34 7645200 7431200 7543201
GRID       13797    10.0 1475.25  682.82  120.34 7645200 7431200 7544200
GRID       13798    10.0 1390.92  715.59  146.38 7645200 7431200 7543201
GRID       13799    10.0 1440.92  715.59  146.38 7645200 7431200 7543201
GRID       13800    10.0 1475.25  715.59  146.38 7645200 7431200 7544200
GRID       13801    10.0 1235.68   683.9  116.65 7648601 7645200 7431200
GRID       13802    10.0   1213.  709.52  145.31 7648601 7645200 7431200
GRID       13803    10.0 1328.48  715.59  146.38 7645200 7431200 7543201
GRID       13804    10.0 1274.48  682.82  120.34 7645200 7431200 7543201
GRID       13805    10.0   1182.  709.52  145.31 7648601 7645200 7431200
GRID       13806    10.0 1510.25  715.59  146.38 7645200 7431200 7544200
GRID       13807    10.0 1652.46   683.9  116.65 7648601 7645200 7431200
GRID       13808    10.0 1613.75  682.82  120.34 7645200 7431200 7544200
GRID       13809    10.0   1652.  719.53  147.08 7648601 7645200 7431200
GRID       13810    10.0 1613.75  715.59  146.38 7645200 7431200 7544200
GRID       13811    10.0 1578.75  715.59  146.38 7645200 7431200 7544200
GRID       13814    10.0 1183.17   683.9  116.65 7648601 7645200 7431200
GRID       13816    10.0 1144.54  679.47  121.98 7431200 7431201
GRID       13820    10.0 1144.54  708.84  149.15 7431201 7431200
GRID       13833    10.0  1612.4 -232.32    100. 7431200 7543200 7544701
GRID       13834    10.0  1611.5   -138.    100. 7431200 7543200 7544701
GRID       13835    10.0 1612.25 -290.32    100. 7431200 7543200 7544701
GRID       13836    10.0  1611.5   -344.    100. 7431200 7543200 7544701
GRID       13837    10.0 1618.72   -575.    100. 7431200 7543200 7544701
GRID       13838    10.0 1618.72 -598.34    100. 7431200 7543200 7544701
GRID       13839    10.0  1611.5   -465.    100. 7431200 7543200 7544701
GRID       13840    10.0 1618.72   -552.    100. 7431200 7543200 7544701
GRID       13841    10.0  1611.5   -523.    100. 7431200 7543200 7544701
GRID       13842    10.0  1611.5   -410.    100. 7431200 7543200 7544701
GRID       13843    10.0 1618.72   -637.    100. 7431200 7543200 7544701
GRID       13844    10.0  1476.6 -232.32    100. 7431200 7543200 7544701
GRID       13845    10.0  1478.9   -377.    100. 7431200 7543200 7544701
GRID       13846    10.0  1476.6 -290.32    100. 7431200 7543200 7544701
GRID       13847    10.0  1476.6 -142.27    100. 7431200 7543200 7544701
GRID       13848    10.0 1470.28   -637.    100. 7431200 7543200 7544701
GRID       13849    10.0 1470.28 -598.34    100. 7431200 7543200 7544701
GRID       13850    10.0  1477.5   -465.    100. 7431200 7543200 7544701
GRID       13851    10.0  1477.5   -523.    100. 7431200 7543200 7544701
GRID       13852    10.0 1470.28   -552.    100. 7431200 7543200 7544701
GRID       13853    10.0 1470.28   -575.    100. 7431200 7543200 7544701
GRID       13854    10.0  1440.7 -600.28    100. 7431200 7546600 7543200
GRID       13855    10.0  1440.7 -504.88    100. 7431200 7546600 7543200
GRID       13856    10.0  1452.5 -290.32    100. 7431200 7546600 7543200
GRID       13857    10.0  1441.7 -473.08    100. 7431200 7546600 7543200
GRID       13858    10.0  1441.7   -377.    100. 7431200 7546600 7543200
GRID       13859    10.0  1440.7 -568.48    100. 7431200 7546600 7543200
GRID       13860    10.0  1452.5 -222.27    100. 7431200 7546600 7543200
GRID       13861    10.0  1452.5 -186.27    100. 7431200 7546600 7543200
GRID       13862    10.0  1452.5 -142.27    100. 7431200 7546600 7543200
GRID       13863    10.0  1440.7 -632.08    100. 7431200 7546600 7543200
GRID       13864    10.0  1440.7 -536.68    100. 7431200 7546600 7543200
GRID       13865    10.0 1470.28    637.    100. 7431200 7544700 7543200
GRID       13866    10.0  1440.7  632.08    100. 7431200 7546600 7543200
GRID       13867    10.0 1470.28  598.34    100. 7431200 7544700 7543200
GRID       13868    10.0  1477.5    523.    100. 7431200 7544700 7543200
GRID       13869    10.0  1477.5    465.    100. 7431200 7544700 7543200
GRID       13870    10.0 1470.28    552.    100. 7431200 7544700 7543200
GRID       13871    10.0 1470.28    575.    100. 7431200 7544700 7543200
GRID       13872    10.0  1440.7  600.28    100. 7431200 7546600 7543200
GRID       13873    10.0  1440.7  504.88    100. 7431200 7546600 7543200
GRID       13874    10.0  1441.7  473.08    100. 7431200 7546600 7543200
GRID       13875    10.0  1440.7  568.48    100. 7431200 7546600 7543200
GRID       13876    10.0  1440.7  536.68    100. 7431200 7546600 7543200
GRID       13877    10.0 1618.72    637.    100. 7431200 7544700 7543200
GRID       13878    10.0  1611.5    523.    100. 7431200 7544700 7543200
GRID       13879    10.0 1618.72  598.34    100. 7431200 7544700 7543200
GRID       13880    10.0  1611.5    465.    100. 7431200 7544700 7543200
GRID       13881    10.0 1618.72    552.    100. 7431200 7544700 7543200
GRID       13882    10.0 1618.72    575.    100. 7431200 7544700 7543200
GRID       13883    10.0  1441.7    377.    100. 7431200 7546600 7543200
GRID       13884    10.0  1452.5  142.27    100. 7431200 7546600 7543200
GRID       13885    10.0  1476.6  142.27    100. 7431200 7544700 7543200
GRID       13886    10.0  1478.9    377.    100. 7431200 7544700 7543200
GRID       13887    10.0  1476.6  290.32    100. 7431200 7544700 7543200
GRID       13888    10.0  1476.6  232.32    100. 7431200 7544700 7543200
GRID       13889    10.0  1612.4  232.32    100. 7431200 7544700 7543200
GRID       13890    10.0  1611.5    410.    100. 7431200 7544700 7543200
GRID       13891    10.0 1612.25  290.32    100. 7431200 7544700 7543200
GRID       13892    10.0  1611.5    138.    100. 7431200 7544700 7543200
GRID       13893    10.0  1611.5    344.    100. 7431200 7544700 7543200
GRID       13894    10.0  1452.5  290.32    100. 7431200 7546600 7543200
GRID       13895    10.0  1452.5  222.27    100. 7431200 7546600 7543200
GRID       13896    10.0  1452.5  186.27    100. 7431200 7546600 7543200
GRID       13897    10.0 1612.42     84.    100. 7431200 7543200
GRID       13898    10.0 1612.42     28.    100. 7431200 7543200
GRID       13899    10.0 1612.42    -28.    100. 7431200 7543200
GRID       13900    10.0 1612.42    -84.    100. 7431200 7543200
GRID       13901    10.0 1528.28    -48.  113.45 7431200 7543200
GRID       13902    10.0 1556.28      0.  113.45 7431200 7543200
GRID       13903    10.0 1528.28     48.  113.45 7431200 7543200
GRID       13904    10.0 1476.99    14.5  113.45 7431200 7546600 7543200
GRID       13905    10.0 1444.72     52.  113.45 7431200 7546600 7543200
GRID       13906    10.0 1444.72    -52.  113.45 7431200 7546600 7543200
GRID       13907    10.0 1476.99   -14.5  113.45 7431200 7546600 7543200
GRID       13908    10.0 1279.49   629.5    100. 7431200 7546600 7543200
GRID       13909    10.0 1279.49   598.4    100. 7431200 7546600 7543200
GRID       13910    10.0 1279.49  567.29    100. 7431200 7546600 7543200
GRID       13911    10.0 1279.49  536.19    100. 7431200 7546600 7543200
GRID       13912    10.0 1279.49  505.08    100. 7431200 7546600 7543200
GRID       13913    10.0 1279.49  473.98    100. 7431200 7546600 7543200
GRID       13914    10.0 1279.49 -157.68    100. 7431200 7546600 7543200
GRID       13915    10.0 1279.49 -217.68    100. 7431200 7546600 7543200
GRID       13916    10.0 1279.49  277.68    100. 7431200 7546600 7543200
GRID       13917    10.0 1279.49 -277.68    100. 7431200 7546600 7543200
GRID       13918    10.0 1279.49  -33.68    100. 7431200 7546600 7543200
GRID       13919    10.0 1279.49  -95.68    100. 7431200 7546600 7543200
GRID       13920    10.0 1279.49   33.68    100. 7431200 7546600 7543200
GRID       13921    10.0 1279.49  217.68    100. 7431200 7546600 7543200
GRID       13922    10.0 1279.49  157.68    100. 7431200 7546600 7543200
GRID       13923    10.0 1279.49   95.68    100. 7431200 7546600 7543200
GRID       13924    10.0 1279.49 -505.08    100. 7431200 7546600 7543200
GRID       13925    10.0 1279.49  -629.5    100. 7431200 7546600 7543200
GRID       13926    10.0 1279.49 -567.29    100. 7431200 7546600 7543200
GRID       13927    10.0 1279.49  -598.4    100. 7431200 7546600 7543200
GRID       13928    10.0 1279.49 -536.19    100. 7431200 7546600 7543200
GRID       13929    10.0 1279.49 -473.98    100. 7431200 7546600 7543200
GRID       13940    10.0 1237.64  -308.8  101.85 7434200 7431200
GRID       13941    10.0 1208.64  -308.8  101.85 7434200 7431200
GRID       13942    10.0 1237.64  -445.2  101.85 7434200 7431200
GRID       13943    10.0 1208.64  -445.2  101.85 7434200 7431200
GRID       13944    10.0 1084.86  -445.2  101.85 7434200 7431200
GRID       13945    10.0 1084.86  -308.8  101.85 7434200 7431200
GRID       13946    10.0  1115.1  -308.8  103.05 7434200 7448300 7431200
GRID       13947    10.0 1165.06  -308.8  103.05 7434200 7448300 7431200
GRID       13948    10.0  1115.1  -445.2  103.05 7434200 7448300 7431200
GRID       13949    10.0 1165.06  -445.2  103.05 7434200 7448300 7431200
GRID       13950    10.0 1073.92 -658.27  100.65 7431300 7431200
GRID       13951    10.0 1094.52 -658.27  100.65 7431300 7431200
GRID       13952    10.0 1122.04 -650.27  100.65 7431300 7431200
GRID       13953    10.0 1144.54 -650.27  100.65 7431300 7431200
GRID       13954    10.0 1054.92 -653.92  104.05 7433200 7431300
GRID       13955    10.0 1046.71 -500.54  103.45 7433200 7542600 7431200
GRID       13956    10.0 1046.71 -527.11  103.45 7433200 7542600 7431200
GRID       13957    10.0 1046.71 -553.68  103.45 7433200 7542600 7431200
GRID       13958    10.0 1046.71 -580.25  103.45 7433200 7542600 7431200
GRID       13959    10.0 1046.71 -606.82  103.45 7433200 7542600 7431200
GRID       13960    10.0 1046.71 -473.98  103.45 7433200 7542600 7431200
GRID       13961    10.0 1049.22   -152.  103.45 7433200 7542600 7431200
GRID       13962    10.0 1047.22 -211.34  103.45 7433200 7542600 7431200
GRID       13963    10.0 1047.22 -270.68  103.45 7433200 7542600 7431200
GRID       13964    10.0 1051.82 -306.18  104.65 7434200 7433200 7542600
GRID       13965    10.0 1051.82 -447.82  104.65 7434200 7433200 7542600
GRID       13966    10.0 1084.86   445.2  101.85 7431200 7434201
GRID       13967    10.0 1046.71  500.54  103.45 7433200 7542600 7431200
GRID       13968    10.0 1165.06   445.2  103.05 7431200 7434201 7448301
GRID       13969    10.0 1046.71  580.25  103.45 7433200 7542600 7431200
GRID       13970    10.0 1046.71  553.68  103.45 7433200 7542600 7431200
GRID       13971    10.0  1115.1   445.2  103.05 7431200 7434201 7448301
GRID       13972    10.0 1046.71  527.11  103.45 7433200 7542600 7431200
GRID       13973    10.0 1046.71  606.82  103.45 7433200 7542600 7431200
GRID       13974    10.0 1046.71  473.98  103.45 7433200 7542600 7431200
GRID       13975    10.0 1051.82  447.82  104.65 7433200 7434201 7542600
GRID       13976    10.0 1165.06   308.8  103.05 7431200 7434201 7448301
GRID       13977    10.0 1084.86   308.8  101.85 7431200 7434201
GRID       13978    10.0 1047.22  270.68  103.45 7433200 7542600 7431200
GRID       13979    10.0 1051.82  306.18  104.65 7433200 7434201 7542600
GRID       13980    10.0  1115.1   308.8  103.05 7431200 7434201 7448301
GRID       13981    10.0 1208.64   445.2  101.85 7431200 7434201
GRID       13982    10.0 1237.64   445.2  101.85 7431200 7434201
GRID       13983    10.0 1208.64   308.8  101.85 7431200 7434201
GRID       13984    10.0 1237.64   308.8  101.85 7431200 7434201
GRID       13985    10.0 1049.22    152.  103.45 7433200 7542600 7431200
GRID       13986    10.0 1047.22  211.34  103.45 7433200 7542600 7431200
GRID       13987    10.0 1094.52  658.27  100.65 7431201 7431200
GRID       13988    10.0 1054.92  653.92  104.05 7433200 7431201
GRID       13989    10.0 1144.54  650.27  100.65 7431201 7431200
GRID       13990    10.0 1073.92  658.27  100.65 7431201 7431200
GRID       13991    10.0 1122.04  650.27  100.65 7431201 7431200
GRID       13992    10.0  1044.6  -41.43  113.45 7431200 7542600 7433200
GRID       13993    10.0  1044.6   41.43  113.45 7431200 7542600 7433200
GRID       13998    10.0   928.7 -344.93   134.2 7517500 7433200
GRID       13999    10.0   951.9 -432.43   134.2 7517500 7433200
GRID       14000    10.0   928.7 -449.93   134.2 7517500 7433200
GRID       14001    10.0   928.7 -309.93   134.2 7517500 7433200
GRID       14002    10.0   928.4  -379.9   134.2 7517500 7433200
GRID       14003    10.0   951.9 -362.43   134.2 7517500 7433200
GRID       14004    10.0   928.7 -414.93   134.2 7517500 7433200
GRID       14005    10.0   951.9 -397.43   134.2 7517500 7433200
GRID       14006    10.0   951.9 -327.43   134.2 7517500 7433200
GRID       14007    10.0  886.29 -606.82  103.45 7433200 7542600 7431200
GRID       14008    10.0  886.29 -580.25  103.45 7433200 7542600 7431200
GRID       14009    10.0  886.29 -553.68  103.45 7433200 7542600 7431200
GRID       14010    10.0  886.29 -527.11  103.45 7433200 7542600 7431200
GRID       14011    10.0  886.29 -500.54  103.45 7433200 7542600 7431200
GRID       14012    10.0  886.29 -473.98  103.45 7433200 7542600 7431200
GRID       14013    10.0  885.28 -240.21  103.45 7433200 7542600 7431200
GRID       14014    10.0  885.28 -278.21  103.45 7433200 7542600 7431200
GRID       14015    10.0  885.28 -202.21  103.45 7433200 7542600 7431200
GRID       14016    10.0  872.78   -17.5  103.45 7433200 7542600 7431200
GRID       14017    10.0  872.78    17.5  103.45 7433200 7542600 7431200
GRID       14018    10.0  885.28  240.21  103.45 7433200 7542600 7431200
GRID       14019    10.0  885.28  202.21  103.45 7433200 7542600 7431200
GRID       14020    10.0  885.28  278.21  103.45 7433200 7542600 7431200
GRID       14021    10.0  886.29  606.82  103.45 7433200 7542600 7431200
GRID       14022    10.0  886.29  580.25  103.45 7433200 7542600 7431200
GRID       14023    10.0  886.29  553.68  103.45 7433200 7542600 7431200
GRID       14024    10.0  886.29  527.11  103.45 7433200 7542600 7431200
GRID       14025    10.0  886.29  500.54  103.45 7433200 7542600 7431200
GRID       14026    10.0  886.29  473.98  103.45 7433200 7542600 7431200
GRID       14027    10.0  878.08 -653.92  104.05 7433200 7431300
GRID       14028    10.0    720.  -658.2  100.65 7431300 7431200
GRID       14029    10.0   687.5  -658.2  100.65 7431300 7431200
GRID       14030    10.0  749.62 -658.27  100.65 7431300 7431200
GRID       14031    10.0  779.24 -658.27  100.65 7431300 7431200
GRID       14032    10.0  808.86 -658.27  100.65 7431300 7431200
GRID       14033    10.0  838.48 -658.27  100.65 7431300 7431200
GRID       14034    10.0  859.08 -658.27  100.65 7431300 7431200
GRID       14035    10.0    655. -440.42   98.25 7517500 7431200
GRID       14036    10.0  697.29 -440.42   98.25 7517500 7431200
GRID       14037    10.0  739.58 -440.42   98.25 7517500 7431200
GRID       14038    10.0  757.87 -448.52   98.25 7517500 7431200
GRID       14039    10.0  776.15 -440.42   98.25 7517500 7431200
GRID       14040    10.0  812.72 -440.42   98.25 7517500 7431200
GRID       14041    10.0  794.43 -448.52   98.25 7517500 7431200
GRID       14042    10.0    831. -448.52   98.25 7517500 7431200
GRID       14043    10.0    655. -319.45   98.25 7517500 7431200
GRID       14044    10.0  697.29 -319.45   98.25 7517500 7431200
GRID       14045    10.0  739.58 -319.45   98.25 7517500 7431200
GRID       14046    10.0  757.87 -311.34   98.25 7517500 7431200
GRID       14047    10.0  776.15 -319.45   98.25 7517500 7431200
GRID       14048    10.0  794.43 -311.34   98.25 7517500 7431200
GRID       14049    10.0  812.72 -319.45   98.25 7517500 7431200
GRID       14050    10.0    831. -311.34   98.25 7517500 7431200
GRID       14051    10.0  866.48 -308.94  101.65 7542600 7433200 7517500
GRID       14052    10.0  866.48 -450.92  101.65 7542600 7433200 7517500
GRID       14053    10.0   622.5 -440.42   98.25 7517500 7431200 6731300
GRID       14054    10.0   622.5 -319.45   98.25 7517500 7431200 6731300
GRID       14055    10.0   622.5 -627.27    100. 7431200 6731300
GRID       14056    10.0   637.5 -627.27    100. 7431200 6731300
GRID       14057    10.0   622.5 -587.27    100. 7431200 6731300
GRID       14058    10.0   637.5 -587.27    100. 7431200 6731300
GRID       14059    10.0   622.5 -547.27    100. 7431200 6731300
GRID       14060    10.0   637.5 -547.27    100. 7431200 6731300
GRID       14061    10.0   622.5 -516.27    100. 7431200 6731300
GRID       14062    10.0   637.5 -499.27    100. 7431200 6731300
GRID       14063    10.0   637.5 -465.42     96. 7431200 6731300
GRID       14064    10.0   622.5 -658.27    100. 7431200 6731300
GRID       14065    10.0   637.5 -294.45     96. 7431200 6731300
GRID       14066    10.0   637.5 -257.11     99. 7431200 6731300
GRID       14067    10.0   643.7 -658.27  100.65 7431300 7431200 6731300
GRID       14068    10.0   637.5  465.42     96. 7431200 6731201
GRID       14069    10.0  697.29  440.42   98.25 7431200 7517501
GRID       14070    10.0   622.5  440.42   98.25 6731201 7431200 7517501
GRID       14071    10.0  757.87  448.52   98.25 7431200 7517501
GRID       14072    10.0    831.  448.52   98.25 7431200 7517501
GRID       14073    10.0  812.72  440.42   98.25 7431200 7517501
GRID       14074    10.0  794.43  448.52   98.25 7431200 7517501
GRID       14075    10.0  776.15  440.42   98.25 7431200 7517501
GRID       14076    10.0  866.48  450.92  101.65 7433200 7517501 7542600
GRID       14077    10.0  739.58  440.42   98.25 7431200 7517501
GRID       14078    10.0   637.5  294.45     96. 7431200 6731201
GRID       14079    10.0  739.58  319.45   98.25 7431200 7517501
GRID       14080    10.0   622.5  319.45   98.25 6731201 7431200 7517501
GRID       14081    10.0  697.29  319.45   98.25 7431200 7517501
GRID       14082    10.0    831.  311.34   98.25 7431200 7517501
GRID       14083    10.0  812.72  319.45   98.25 7431200 7517501
GRID       14084    10.0  776.15  319.45   98.25 7431200 7517501
GRID       14085    10.0  757.87  311.34   98.25 7431200 7517501
GRID       14086    10.0  794.43  311.34   98.25 7431200 7517501
GRID       14087    10.0  866.48  308.94  101.65 7433200 7517501 7542600
GRID       14088    10.0   637.5  257.11     99. 7431200 6731201
GRID       14089    10.0   643.7  658.27  100.65 7431201 7431200 6731201
GRID       14090    10.0   687.5   658.2  100.65 7431201 7431200
GRID       14091    10.0   622.5  658.27    100. 7431200 6731201
GRID       14092    10.0   637.5  627.27    100. 7431200 6731201
GRID       14093    10.0   622.5  627.27    100. 7431200 6731201
GRID       14094    10.0   637.5  499.27    100. 7431200 6731201
GRID       14095    10.0   622.5  547.27    100. 7431200 6731201
GRID       14096    10.0   637.5  547.27    100. 7431200 6731201
GRID       14097    10.0   622.5  587.27    100. 7431200 6731201
GRID       14098    10.0   622.5  516.27    100. 7431200 6731201
GRID       14099    10.0   637.5  587.27    100. 7431200 6731201
GRID       14100    10.0    720.   658.2  100.65 7431201 7431200
GRID       14101    10.0  749.62  658.27  100.65 7431201 7431200
GRID       14102    10.0  859.08  658.27  100.65 7431201 7431200
GRID       14103    10.0  808.86  658.27  100.65 7431201 7431200
GRID       14104    10.0  838.48  658.27  100.65 7431201 7431200
GRID       14105    10.0  779.24  658.27  100.65 7431201 7431200
GRID       14106    10.0  878.08  653.92  104.05 7433200 7431201
GRID       14107    10.0   928.7  449.93   134.2 7433200 7517501
GRID       14108    10.0   928.7  414.93   134.2 7433200 7517501
GRID       14109    10.0   928.4   379.9   134.2 7433200 7517501
GRID       14110    10.0   928.7  344.93   134.2 7433200 7517501
GRID       14111    10.0   928.7  309.93   134.2 7433200 7517501
GRID       14112    10.0   951.9  327.43   134.2 7433200 7517501
GRID       14113    10.0   951.9  362.43   134.2 7433200 7517501
GRID       14114    10.0   951.9  397.43   134.2 7433200 7517501
GRID       14115    10.0   951.9  432.43   134.2 7433200 7517501
GRID       14116    10.0 1004.49    377.   133.8 7433200 7434201
GRID       14117    10.0 1004.49  447.82   133.8 7433200 7434201
GRID       14118    10.0 1004.49  306.18   133.8 7433200 7434201
GRID       14119    10.0 1004.49 -447.82   133.8 7434200 7433200
GRID       14120    10.0 1004.49   -377.   133.8 7434200 7433200
GRID       14121    10.0 1004.49 -306.18   133.8 7434200 7433200
GRID       14122     9.0  880.78 -166.01  104.85 7433200 7542600
GRID       14123     9.0  880.78  166.01  104.85 7433200 7542600
GRID       14141    10.0   566.5  217.45     99. 7431200 6731400
GRID       14142    10.0    600.  207.45     99. 7431200 6731400
GRID       14143    10.0   566.5 -217.45     99. 7431200 6731400
GRID       14144    10.0    600. -207.45     99. 7431200 6731400
GRID       14145    10.0   566.5 -106.35     99. 7431200 6731400
GRID       14146    10.0   566.5  106.35     99. 7431200 6731400
GRID       14147    10.0  587.34  -633.5  102.45 7436500 7436700 6731300
GRID       14149    10.0  587.34 -296.92   98.25 7517500 6731300
GRID       14150    10.0   517.5 -313.88    92.6 7517500 6731300
GRID       14151    10.0   517.5  -446.4    92.6 7517500 6731300
GRID       14162    10.0  587.34  -554.5  100.65 7436700 6731300
GRID       14163    10.0  587.34   -582.  100.65 7436700 6731300
GRID       14164    10.0  587.34   -527.  100.65 7436700 6731300
GRID       14165    10.0  587.34  -499.5  100.65 7436700 6731300
GRID       14166    10.0  587.34  -609.5  100.65 7436700 6731300
GRID       14167    10.0  447.91 -586.31    95.8 7436700 6731300 7526300
GRID       14168    10.0  447.91 -557.31    95.8 7436700 6731300 7526300
GRID       14169    10.0  447.91 -499.31    95.8 7436700 6731300 7526300
GRID       14170    10.0  447.91 -528.31    95.8 7436700 6731300 7526300
GRID       14171    10.0  447.91 -644.31    95.8 7436700 6731300 7526300
GRID       14172    10.0  447.91 -615.31    95.8 7436700 6731300 7526300
GRID       14174    10.0  232.02  -314.7   160.4 7517500 6731300 7514900
GRID       14175    10.0  264.09 -313.88  133.28 7517500 6731300 7514900
GRID       14176    10.0   300.7 -313.88  115.13 7517500 6731300 7514900
GRID       14177    10.0  339.27 -313.88  102.21 7517500 6731300 7514900
GRID       14178    10.0  378.95 -313.88    94.7 7517500 6731300 7514900
GRID       14179    10.0  263.78 -445.45  133.47 7517500 6731300 7514900
GRID       14180    10.0  303.41 -445.45  114.02 7517500 6731300 7514900
GRID       14181    10.0  346.42 -445.45  100.44 7517500 6731300 7514900
GRID       14182    10.0  391.77 -445.45   93.45 7517500 6731300 7514900
GRID       14183    10.0  446.55 -313.88    92.6 7517500 6731300 7514900
GRID       14221    10.0  594.63  -257.1    100. 7431200 6731400 6731300
GRID       14222    10.0   566.5 -177.37  101.05 6731400 7431200
GRID       14223    10.0   601.5 -176.92  101.05 6731400 7431200
GRID       14224    10.0   566.5      0.  101.05 6731400 7431200
GRID       14225    10.0   566.5  177.37  101.05 6731400 7431200
GRID       14226    10.0   601.5  176.92  101.05 6731400 7431200
GRID       14227    10.0  594.63   257.1    100. 7431200 6731400 6731201
GRID       14228    10.0   527.5 -177.37   103.8 6731400 7437200
GRID       14230    10.0   533.5    -19.   101.8 6731400 7437200
GRID       14232    10.0    655.  319.45   98.25 7431200 7517501
GRID       14233    10.0    655.  440.42   98.25 7431200 7517501
GRID       14237    10.0  928.75  580.64   134.2 7433201 7433200
GRID       14238    10.0  928.75 -580.64   134.2 7433300 7433200
GRID       14239    10.0   964.9    580.   134.2 7433201 7433200
GRID       14240    10.0   964.9   -580.   134.2 7433300 7433200
GRID       14241    10.0   987.2  557.64   134.2 7433201 7433200
GRID       14242    10.0   987.2 -557.64   134.2 7433300 7433200
GRID       14243    10.0   987.2  602.36   134.2 7433201 7433200
GRID       14244    10.0   987.2 -602.36   134.2 7433300 7433200
GRID       14245    10.0  904.64  565.21   120.7 7435204 7433201 7433200
GRID       14246    10.0  904.64  595.69   120.7 7435204 7433201 7433200
GRID       14247    10.0  904.64  626.18   120.7 7435204 7433201 7433200
GRID       14260    10.0 1028.35 -626.18  120.73 7435300 7433300 7433200
GRID       14261    10.0 1028.35  626.18  120.73 7435204 7433201 7433200
GRID       14263    10.0  904.64 -565.21   120.7 7435300 7433300 7433200
GRID       14264    10.0 1028.34 -590.21  120.75 7435300 7433300 7433200
GRID       14265    10.0 1028.34  590.21  120.75 7435204 7433201 7433200
GRID       14268    10.0  904.64 -626.18   120.7 7435300 7433300 7433200
GRID       14272    10.0  904.64 -595.69   120.7 7435300 7433300 7433200
GRID       14274    10.0 1026.13   -144.  121.64 7434300 7433200
GRID       14275    10.0 1026.13   -194.  121.64 7434300 7433200
GRID       14280    10.0  906.07 -654.18  119.99 7433300 7433200
GRID       14281    10.0  883.78  625.82  105.05 7433201 7433200 7542600
GRID       14282    10.0 1049.22  625.82  105.05 7433201 7433200 7542600
GRID       14283    10.0 1049.22 -625.82  105.05 7433300 7433200 7542600
GRID       14284    10.0  883.78 -625.82  105.05 7433300 7433200 7542600
GRID       14285    10.0  1026.9 -654.18  120.04 7433300 7433200
GRID       14292    10.0  928.75  555.64   134.2 7433201 7433200
GRID       14293    10.0  928.75  605.64   134.2 7433201 7433200
GRID       14294    10.0  928.75 -555.64   134.2 7433300 7433200
GRID       14295    10.0  928.75 -605.64   134.2 7433300 7433200
GRID       14296    10.0 1028.34 -565.21  120.75 7435300 7433300 7433200
GRID       14297    10.0 1028.34  565.21  120.75 7435204 7433201 7433200
GRID       14299    10.0 1047.82    402.  101.65 7542600 7433200
GRID       14300    10.0  885.48  354.93  101.65 7542600 7433200
GRID       14301    10.0  885.48  404.93  101.65 7542600 7433200
GRID       14302    10.0  885.78  119.82  101.65 7542600 7433200
GRID       14303    10.0  885.78    62.5  101.65 7542600 7433200
GRID       14304    10.0  885.78   -62.5  101.65 7542600 7433200
GRID       14305    10.0  885.78 -119.82  101.65 7542600 7433200
GRID       14306    10.0   905.2   -144.  118.22 7434300 7433200
GRID       14308    10.0   905.2   -169.  118.22 7434300 7433200
GRID       14309    10.0   905.2   -194.  118.22 7434300 7433200
GRID       14313    10.0  1000.5   61.44   132.6 7437600 7433200
GRID       14314    10.0  972.92   55.73   132.6 7437600 7433200
GRID       14315    10.0    949.     63.   132.6 7437600 7433200
GRID       14316    10.0  1000.5     25.   132.6 7437600 7433200
GRID       14317    10.0  1000.5    -25.   132.6 7437600 7433200
GRID       14318    10.0  1000.5  -61.44   132.6 7437600 7433200
GRID       14319    10.0  972.92  -55.73   132.6 7437600 7433200
GRID       14320    10.0    949.    -63.   132.6 7437600 7433200
GRID       14321    10.0  974.72  -13.98   132.6 7437600 7433200
GRID       14322    10.0  974.72   13.98   132.6 7437600 7433200
GRID       14323    10.0  1067.6  -15.43   116.9 7433200 7438700
GRID       14324    10.0  1042.6  -15.43   116.9 7433200 7438700
GRID       14325    10.0  1067.6   49.43   116.9 7433200 7438700
GRID       14326    10.0   905.2    144.  118.22 7434202 7433200
GRID       14327    10.0   905.2    169.  118.22 7434202 7433200
GRID       14328    10.0   905.2    194.  118.22 7434202 7433200
GRID       14329    10.0 1001.05  234.38   134.2 7434202 7433200
GRID       14330    10.0  930.79  234.38   134.2 7434202 7433200
GRID       14331    10.0  930.67  107.21   134.2 7434202 7433200
GRID       14332    10.0  1001.4  107.21   134.2 7434202 7433200
GRID       14337    10.0 1026.13    144.  121.64 7434202 7433200
GRID       14338    10.0 1026.13    194.  121.64 7434202 7433200
GRID       14343    10.0 1004.01  530.01   134.2 7435204 7433200
GRID       14344    10.0  930.36  530.01   134.2 7435204 7433200
GRID       14347    10.0  906.07  654.18  119.99 7433201 7433200
GRID       14351    10.0  1026.9  654.18  120.04 7433201 7433200
GRID       14352    10.0  1001.4 -107.21   134.2 7434300 7433200
GRID       14353    10.0  930.67 -107.21   134.2 7434300 7433200
GRID       14354    10.0  930.79 -234.38   134.2 7434300 7433200
GRID       14355    10.0 1001.05 -234.38   134.2 7434300 7433200
GRID       14358    10.0 1004.01 -530.01   134.2 7435300 7433200
GRID       14359    10.0  930.36 -530.01   134.2 7435300 7433200
GRID       14360    10.0  885.48 -354.93  101.65 7542600 7433200
GRID       14361    10.0  885.48 -404.93  101.65 7542600 7433200
GRID       14362    10.0 1047.82   -402.  101.65 7542600 7433200
GRID       14363    10.0 1047.82   -352.  101.65 7542600 7433200
GRID       14364    10.0 1047.82    352.  101.65 7542600 7433200
GRID       14384    10.0   480.1 -151.81  121.41 6738800 7437200
GRID       14385    10.0  479.96 -123.95  136.92 6738800 7437200
GRID       14386    10.0  443.33 -123.95  136.92 6738800 7437200
GRID       14387    10.0  443.33 -151.81  121.41 6738800 7437200
GRID       14388    10.0  445.98   -97.3  163.28 6738800 7437900
GRID       14389    10.0   480.1   -97.3  185.57 6738800 7437900
GRID       14390    10.0  478.56  -62.73  120.64 7437900 7437200
GRID       14424    10.0   1745. -698.27  145.26 7431200 7645700
GRID       14425    10.0   1745.  698.27  145.26 7431200 7645600
GRID       14426    10.0   1729.  708.37  147.04 7431200 7645600
GRID       14427    10.0   1729. -708.37  147.04 7431200 7645700
GRID       14554    10.0   1684.   -682.   119.2 7431200 7645700 7645300
GRID       14556    10.0 1742.53   -682.  121.53 7431200 7645700 7645300
GRID       14560    10.0   1708.   -682.   119.2 7431200 7645700 7645300
GRID       14594    10.0   1684.    682.   119.2 7431200 7645600 7645200
GRID       14595    10.0   1708.    682.   119.2 7431200 7645600 7645200
GRID       14596    10.0 1742.53    682.  121.53 7431200 7645600 7645200
GRID      100005    10.0   566.5 -141.86 100.025 6731400 7431200
GRID      100006    10.0   566.5   -70.999.68333 6731400 7431200
GRID      100007    10.0   566.5  -35.45100.3667 6731400 7431200
GRID      100008    10.0   566.5   35.45100.3667 6731400 7431200
GRID      100009    10.0   566.5    70.999.68333 6731400 7431200
GRID      100010    10.0   566.5  141.86 100.025 6731400 7431200
